0
249298944
492568576
690749440
882114560
1063256064
1234436096
1393819648
1549271040
1695809536
1837105152
1972895744
2108162048
2242117632
2357460992
2464940032
2567700480
2658140160
2739404800
2817523712
2880700416
2940207104
2999451648
3050831872
3099066368
3104047104
3109027840
3114008576
3118727168
3123445760
3128164352
3132882944
3134717952
3135504384
3136290816
3136552960
3136815104
3137077248
3137339392
3137601536
3137863680
3138125824
3138387968
3138650112
3138912256
3139174400
3139436544
3139698688
3139960832
3140222976
3140485120
3140747264
3141009408
3141271552
3141533696
3141795840
3142057984
3142320128
3142582272
3142844416
3143106560
3143368704
3143630848
3143892992
3144155136
3144417280
3144679424
3144941568
3145203712
3145465856
3145728000
3145990144
3146252288
3146514432
3146776576
3147038720
3147300864
3147563008
3147825152
3148087296
3148349440
3148611584
3148873728
3149135872
3149398016
3149660160
3149922304
3150184448
3150446592
3150708736
3150970880
3151233024
3151495168
3151757312
